-2.058545351028442383e-01
4.791162014007568359e+00
2.122854709625244141e+00
7.043575644493103027e-01
2.673318147659301758e+00
1.540302515029907227e+00
-1.939804553985595703e+00
1.370013475418090820e+00
1.650929689407348633e+00
1.410983920097351074e+00
-1.520770072937011719e+00
-3.520453214645385742e+00
3.101514339447021484e+00
3.423975706100463867e+00
-3.733488321304321289e-01
4.445082664489746094e+00
1.736456513404846191e+00
2.578939914703369141e+00
1.111633896827697754e+00
1.118814349174499512e-01
-1.492083668708801270e-01
6.162275075912475586e-01
-8.484275341033935547e-01
2.557683944702148438e+00
3.349969387054443359e+00
7.192360162734985352e-01
2.457129955291748047e+00
-5.639963150024414062e-01
2.380695581436157227e+00
5.231048583984375000e+00
2.561147451400756836e+00
2.447117328643798828e+00
-3.190222024917602539e+00
8.752466201782226562e+00
3.677184104919433594e+00
1.011095046997070312e+00
-7.225991487503051758e-01
-3.572290182113647461e+00
4.675543308258056641e-02
3.190656185150146484e+00
1.526515483856201172e+00
4.287076950073242188e+00
2.065905094146728516e+00
3.579641819000244141e+00
4.458644866943359375e+00
4.520954132080078125e+00
2.596385002136230469e+00
4.796223938465118408e-01
2.807224750518798828e+00
-1.444194555282592773e+00
-1.528828620910644531e+00
-5.859253406524658203e-01
4.169500768184661865e-01
5.327680587768554688e+00
8.045345544815063477e-01
2.443433046340942383e+00
1.575053334236145020e-01
1.169642210006713867e+00
1.931739926338195801e+00
3.584712505340576172e+00
-6.159502267837524414e-02
-4.784946441650390625e-01
1.233180761337280273e+00
-2.247587203979492188e+00
3.610903918743133545e-01
5.736538171768188477e-01
-1.355957746505737305e+00
-4.921337127685546875e+00
1.638615131378173828e+00
2.783916234970092773e+00
1.551880002021789551e+00
-1.632093906402587891e+00
-2.825999736785888672e+00
-2.249287366867065430e+00
1.585571050643920898e+00
5.495398521423339844e+00
-1.209533214569091797e+00
8.553451299667358398e-01
-4.086738824844360352e-01
2.362659454345703125e+00
-1.426028013229370117e+00
-3.274100542068481445e+00
-1.509880781173706055e+00
-1.547939062118530273e+00
5.929505825042724609e-02
-1.652144193649291992e-01
-1.524976968765258789e+00
1.970309615135192871e+00
2.902843952178955078e-01
-3.429540395736694336e-01
-8.469516038894653320e-01
1.318868041038513184e+00
6.728687286376953125e+00
2.971929907798767090e-01
-1.452372670173645020e-01
1.185161113739013672e+00
1.146316528320312500e+00
1.449912309646606445e+00
1.189816713333129883e+00
-2.009296894073486328e+00
